49
1 0 17 19
1 1 17 19
0 2 1 19
1 2 16 19
0 4 3 19
1 5 4 19
0 6 7 19
1 6 10 19
1 7 5 19
0 9 14 19
1 10 3 19
0 10 5 19
0 10 8 19
0 10 16 19
1 11 4 19
1 11 7 19
1 12 2 19
0 13 13 19
0 14 9 3
0 14 16 15
1 15 6 19
1 15 7 1
1 15 8 0
1 15 9 2
1 15 10 19
0 15 11 7
0 15 13 9
0 15 15 12
1 15 16 14
0 15 17 17
1 15 17 16
0 15 18 19
1 15 18 19
0 16 10 5
1 16 10 4
1 16 11 6
0 16 13 8
1 16 13 19
0 16 14 19
1 16 14 13
1 16 17 19
0 17 8 19
0 17 13 11
1 17 13 10
0 18 2 19
0 18 6 19
0 18 10 19
0 18 13 19
0 18 19 19
10
0 0 0
13 9 2
14 13 5
14 16 8
15 7 1
15 11 4
16 14 7
16 17 9
18 10 3
18 13 6
