50
0 13 5 0
0 1 0 5
1 3 1 16
1 1 11 1
0 16 7 6
0 6 14 9
1 9 6 18
0 1 4 6
0 10 9 1
0 2 4 17
0 3 1 17
1 3 6 13
1 5 3 9
0 18 19 5
1 1 6 11
0 12 12 7
0 13 8 15
0 14 5 17
1 6 13 0
1 8 11 11
0 3 14 10
1 1 9 0
1 14 6 13
1 10 14 3
0 3 0 13
0 6 13 11
0 11 4 19
1 16 16 19
1 8 12 6
0 15 0 18
0 13 13 8
1 7 17 1
0 11 3 13
0 1 17 4
0 14 13 1
1 10 4 8
0 5 18 4
1 8 13 17
0 13 6 8
1 5 18 6
0 6 18 9
0 1 6 2
0 5 3 16
1 18 0 7
0 9 3 17
1 7 7 13
1 12 16 16
0 12 10 11
0 7 18 4
1 3 5 5
11
3 2 8
6 1 5
0 17 3
14 19 3
5 18 9
1 0 2
3 17 8
19 0 4
18 16 1
8 11 0
18 14 4
