50
0 4 2 10
0 18 16 14
0 1 19 13
0 10 18 14
0 0 8 1
0 2 19 16
1 5 18 9
0 0 18 19
0 4 3 10
0 12 15 9
1 12 3 1
1 19 18 11
0 2 9 8
1 18 12 16
1 13 16 9
1 0 13 19
0 6 3 11
1 18 15 19
0 6 9 11
1 19 2 18
1 17 7 8
1 8 5 13
0 16 11 12
0 0 3 12
0 7 0 13
1 13 13 6
1 18 16 17
0 10 17 13
1 0 7 5
1 14 15 6
1 15 14 10
0 13 15 18
1 0 4 15
1 0 15 15
0 11 4 16
0 9 2 3
0 1 3 13
1 2 9 13
1 2 7 18
1 11 15 0
1 16 4 9
0 13 10 7
0 15 5 13
0 5 6 14
0 12 6 17
0 13 4 19
1 17 5 9
1 9 10 6
0 12 12 8
0 8 3 17
12
3 19 2
16 12 4
8 19 5
18 4 6
5 1 7
1 0 6
5 6 3
15 13 8
15 5 0
14 6 9
0 8 1
1 18 6
