50
0 7 18 8
1 4 8 8
1 3 5 11
0 10 11 10
1 7 7 7
1 14 4 9
1 19 18 14
0 11 8 6
1 0 5 15
0 18 7 1
1 11 18 17
0 15 1 19
0 0 17 18
1 15 6 14
0 2 9 13
0 8 18 0
1 19 15 9
0 11 11 4
0 8 11 5
0 12 8 16
0 6 6 3
0 18 13 17
0 0 6 18
1 0 16 5
0 17 7 19
1 2 12 6
0 9 18 18
0 1 11 19
1 14 2 15
1 0 6 3
0 2 13 4
1 6 4 2
1 18 9 14
1 13 5 4
1 2 11 12
0 12 5 18
1 5 11 14
0 2 0 2
0 7 7 14
1 0 18 1
1 10 10 13
0 11 15 12
1 7 14 17
1 1 14 3
0 13 3 3
1 10 14 19
1 19 12 6
1 17 8 15
0 16 6 16
1 14 9 3
19
15 2 2
16 0 5
1 14 3
0 7 6
3 5 7
7 7 9
1 6 4
16 14 7
19 6 8
0 19 2
1 15 9
0 18 0
7 18 7
15 7 0
17 3 7
1 0 0
16 18 4
15 19 0
18 17 3
