50
1 16 15 9
0 6 18 19
0 14 7 19
1 10 15 12
0 6 14 17
1 0 0 14
1 17 18 8
0 1 3 0
1 6 14 6
0 4 3 1
1 19 17 4
0 5 3 10
1 0 15 16
1 10 1 6
1 7 3 15
1 8 17 13
0 13 12 13
1 1 13 6
0 2 8 7
0 17 0 16
0 17 5 7
0 7 18 6
0 3 12 14
0 18 4 18
1 4 11 13
1 2 3 11
1 19 11 0
1 16 14 17
1 2 0 7
1 17 5 14
0 17 4 5
1 0 17 9
0 16 15 3
0 0 18 14
1 19 3 4
0 0 10 6
0 3 19 12
0 15 6 16
0 14 13 13
0 11 3 5
0 18 7 10
0 17 19 14
0 12 3 11
0 5 17 3
0 14 9 0
0 15 17 11
1 14 9 17
1 11 4 16
1 9 7 13
1 10 16 17
13
0 2 0
4 6 5
2 11 7
1 13 0
10 1 8
17 0 6
0 16 9
19 11 4
0 1 3
17 19 2
16 16 5
17 15 3
19 19 7
