48
1 14 9 2
0 6 10 13
1 14 3 19
1 0 7 8
0 1 7 11
0 13 9 0
0 10 16 3
1 13 11 7
0 13 13 14
1 8 11 14
0 12 2 14
0 16 1 4
1 17 9 9
1 17 8 10
1 18 4 5
0 3 9 4
0 4 9 15
1 3 8 10
0 10 18 13
0 9 3 18
1 19 15 1
1 18 3 1
1 3 3 7
0 9 16 11
0 4 2 2
0 6 4 11
1 19 17 19
1 19 14 4
0 3 2 8
1 5 0 9
0 7 6 1
1 1 7 19
0 10 2 8
1 14 11 8
0 11 0 17
1 16 13 5
1 9 15 11
1 17 12 3
1 16 8 7
0 3 0 5
0 2 10 3
1 8 12 6
1 0 13 7
0 8 17 15
1 6 12 14
0 11 9 18
0 12 7 18
0 8 19 14
11
11 18 2
0 10 7
12 16 0
12 0 9
18 3 2
2 3 1
16 1 8
19 8 4
9 4 5
7 8 0
5 11 6
