50
0 5 2 15
0 12 4 4
0 1 14 13
0 14 3 2
0 17 17 6
0 8 6 2
1 18 1 0
0 12 12 5
0 2 1 4
0 8 4 9
1 19 7 5
0 14 9 4
0 9 17 2
1 19 17 7
0 2 17 16
1 15 3 17
0 12 0 3
1 19 18 13
0 15 3 3
1 18 5 16
0 6 5 11
0 10 0 1
1 14 1 4
1 19 16 16
1 13 2 9
1 4 5 11
0 0 16 2
1 12 4 7
0 6 17 0
0 15 13 5
0 12 17 17
0 15 7 19
0 4 17 18
1 6 0 8
1 16 18 11
0 17 13 2
1 13 3 14
1 12 5 3
0 15 17 10
1 2 4 6
1 9 0 8
0 1 19 18
1 11 2 15
0 2 16 19
0 6 12 6
1 13 18 1
0 13 3 8
1 2 5 4
1 16 0 4
1 8 6 1
19
0 8 5
16 19 9
14 1 3
9 1 5
11 12 4
2 19 6
5 2 0
2 14 3
10 4 2
4 6 8
15 19 4
15 4 4
1 10 9
3 19 2
14 15 7
8 2 4
13 19 1
5 7 2
6 8 2
