50
0 0 14 13
0 6 6 10
1 16 9 13
1 15 13 9
0 14 15 3
1 10 5 19
1 17 18 11
1 2 4 8
1 17 11 6
0 1 7 2
0 18 2 18
0 8 0 7
1 8 9 17
1 14 14 2
1 12 12 6
1 15 14 7
1 6 7 13
0 18 19 14
0 2 7 3
1 18 3 5
1 10 1 18
0 11 19 15
1 1 15 7
0 8 11 14
1 0 1 6
0 17 19 12
0 15 14 8
0 9 2 15
0 12 14 0
1 15 12 10
1 14 9 12
1 18 4 3
0 7 6 19
1 10 13 15
1 2 5 16
1 2 11 19
0 12 12 1
0 18 0 10
1 14 18 5
1 10 8 10
1 4 15 16
0 16 7 3
1 9 11 11
0 11 8 3
1 7 1 18
1 18 15 11
1 19 11 4
1 11 16 15
1 17 17 17
1 7 14 19
10
0 5 4
10 19 0
2 18 8
7 19 9
19 0 3
8 6 1
7 1 6
1 13 7
0 8 5
12 19 8
