50
0 10 16 16
0 7 9 10
0 9 16 19
0 0 6 14
1 10 13 7
0 6 6 3
1 15 18 14
1 3 0 3
1 5 9 11
1 19 13 17
0 4 6 9
0 5 6 15
1 15 6 3
0 4 13 14
1 15 8 6
1 10 14 1
0 8 8 18
0 8 5 6
0 17 18 17
1 5 5 6
0 14 2 5
1 17 13 17
1 7 5 8
1 6 13 4
1 16 14 3
0 3 0 7
1 19 8 17
0 16 10 17
0 5 15 16
0 13 6 14
0 18 6 9
0 12 15 12
0 1 15 7
1 15 15 13
1 2 10 17
0 3 6 12
0 3 16 5
1 2 0 6
0 14 13 0
0 10 5 19
1 0 15 10
1 5 3 6
1 11 8 3
1 18 5 3
1 13 13 5
0 0 17 7
0 5 4 18
1 4 6 10
0 12 2 17
0 9 14 18
14
19 9 4
4 7 0
3 2 7
2 0 3
17 5 5
0 10 9
10 0 8
3 6 2
14 6 6
5 6 3
8 19 2
16 6 8
19 1 3
12 6 3
