49
1 7 7 13
0 13 18 15
1 1 0 13
1 14 0 6
1 16 10 1
0 13 0 9
0 0 0 15
0 2 15 9
1 14 8 7
0 15 5 15
0 3 2 2
1 10 0 14
1 5 15 3
1 19 17 0
0 15 13 6
1 5 12 0
0 15 17 5
0 11 2 4
1 6 8 14
1 18 13 15
0 0 18 12
1 2 8 12
0 10 18 4
0 15 0 8
1 12 17 9
1 2 6 9
1 9 6 6
0 14 17 10
1 1 15 17
0 11 13 19
1 18 6 12
1 9 3 5
0 18 13 15
0 2 7 11
1 3 2 11
0 0 7 10
1 2 10 15
1 8 14 8
0 9 13 2
1 5 10 5
1 18 12 3
0 6 17 16
1 6 1 5
0 2 4 4
0 11 18 17
1 17 1 12
1 7 11 6
1 5 18 6
1 19 1 3
15
5 12 4
0 12 0
19 17 8
7 18 5
3 13 0
14 12 6
0 17 9
9 4 4
0 0 6
18 5 3
17 9 7
9 2 1
2 19 1
2 15 0
16 0 6
