48
1 18 0 4
1 2 4 9
1 1 2 19
0 18 11 13
1 11 8 9
0 9 13 3
0 18 13 16
0 17 19 10
1 17 12 11
1 1 14 10
1 5 13 12
0 5 0 9
0 4 13 19
0 11 18 8
0 11 7 5
1 4 8 8
0 5 3 0
0 3 8 15
1 11 11 17
0 11 8 18
1 12 7 8
0 17 15 2
0 2 2 3
0 3 11 14
1 9 16 19
0 9 1 13
0 9 7 1
1 5 0 4
0 10 11 11
1 5 16 10
1 15 12 5
1 14 8 8
0 1 2 13
1 19 12 14
0 17 17 18
1 5 12 19
1 1 13 9
0 2 8 4
0 13 14 12
0 8 16 7
1 16 2 1
1 8 12 12
1 11 14 10
0 4 12 8
1 5 14 7
1 15 16 16
1 5 5 18
1 9 17 8
16
19 6 4
2 0 1
4 8 5
7 19 6
17 19 1
0 16 2
15 1 8
8 9 4
0 5 7
4 18 3
8 5 4
17 15 9
19 10 2
19 16 1
19 0 4
16 16 0
