49
0 18 2 15
1 14 8 6
1 10 11 9
0 3 3 0
0 3 0 15
1 3 0 3
1 17 17 15
0 2 4 7
1 5 9 12
1 16 4 7
1 1 0 2
0 6 1 18
0 15 18 7
1 7 6 0
0 4 0 4
1 5 4 11
1 9 16 15
1 11 7 1
1 7 4 17
1 10 2 5
0 5 8 19
0 17 5 5
1 6 12 6
1 5 8 16
1 10 4 8
1 18 15 18
1 1 1 14
0 4 5 11
0 4 19 14
1 2 5 11
0 14 6 6
1 15 11 4
0 13 13 5
0 8 6 18
0 9 8 17
1 0 6 13
1 0 2 5
1 10 5 10
0 10 2 4
1 19 18 12
0 18 10 19
0 17 17 10
0 12 17 2
0 14 2 4
1 6 10 14
0 15 1 17
1 14 5 16
0 14 14 16
1 19 17 8
10
4 0 2
1 0 1
2 19 3
19 4 8
0 4 4
8 6 6
19 2 9
7 4 5
17 13 7
19 7 5
