49
0 17 4 14
1 19 16 13
1 8 6 15
1 12 5 5
1 13 7 18
1 8 7 5
0 7 15 4
1 19 9 19
0 10 10 10
1 12 7 5
0 13 9 13
1 8 5 19
1 11 9 2
1 3 15 2
0 10 1 18
1 18 3 12
1 14 13 14
0 15 5 18
1 16 0 3
0 7 9 14
1 0 11 3
1 19 15 0
1 0 10 12
0 11 5 5
0 15 1 10
0 18 8 15
0 0 18 13
1 15 2 15
1 12 4 19
1 19 14 9
0 5 19 1
1 10 1 17
0 4 6 11
1 12 13 16
0 4 1 7
0 4 19 10
0 8 15 3
1 0 0 5
0 5 1 11
1 15 1 11
0 12 19 3
0 13 2 2
1 12 2 17
0 0 5 15
0 1 0 5
1 0 12 16
1 3 3 1
0 18 0 12
1 14 12 12
11
4 0 9
0 14 0
5 8 5
3 16 4
9 19 6
0 18 1
17 4 1
14 4 7
18 1 8
10 10 3
18 18 6
