49
0 16 16 5
0 7 9 15
0 2 1 3
1 8 8 19
1 2 1 15
1 11 7 13
0 4 1 14
1 3 9 0
0 7 13 15
1 8 11 13
1 1 12 8
1 0 4 19
0 0 5 17
1 1 11 5
1 6 1 3
1 8 12 18
0 9 14 6
0 10 8 11
1 11 8 14
1 17 16 2
1 9 0 9
1 8 4 11
1 6 15 4
0 15 1 0
1 5 7 18
0 6 4 9
0 3 5 15
0 5 5 18
1 18 13 7
1 16 2 13
0 16 7 10
0 18 11 2
1 3 3 16
0 13 13 12
0 18 19 14
0 18 12 7
0 12 9 5
0 9 8 5
1 2 14 13
1 8 18 3
1 14 3 1
0 17 6 13
1 12 11 12
1 17 15 12
0 5 8 8
1 19 15 8
0 11 4 5
0 15 11 19
0 11 11 13
12
14 2 6
0 1 1
8 8 2
13 19 8
1 16 3
0 4 5
2 14 9
13 14 7
3 9 6
3 18 0
5 0 9
7 7 4
