50
0 9 3 6
0 10 16 17
1 2 1 6
1 17 11 13
1 13 5 8
1 3 10 7
0 12 16 4
1 14 11 2
0 4 0 1
1 18 1 3
0 3 6 6
1 8 2 2
1 0 8 0
1 2 18 18
1 18 4 10
0 6 4 11
1 3 3 7
1 3 6 13
1 9 16 7
0 8 3 10
0 12 9 0
1 9 14 3
1 8 12 11
1 0 9 14
1 10 2 12
0 2 7 11
0 4 2 3
0 7 0 0
0 17 1 19
1 5 7 1
0 0 16 19
0 13 0 18
1 2 17 4
1 5 0 7
0 12 2 13
0 15 14 14
0 1 7 9
0 6 0 15
1 3 11 10
1 19 16 15
1 19 15 16
0 2 10 6
0 4 6 7
0 1 14 9
1 19 17 9
0 6 18 8
1 11 6 9
0 13 11 5
0 2 16 7
1 19 12 17
24
17 0 0
4 15 0
1 5 4
14 0 7
5 11 0
18 4 1
10 18 8
10 5 9
8 0 9
7 4 1
1 1 3
2 19 4
6 12 0
17 1 2
1 10 6
8 3 5
0 15 3
4 9 3
13 16 4
12 3 5
0 19 3
19 11 5
0 4 5
19 1 1
