49
0 0 0 15
0 0 15 15
0 0 17 15
0 1 2 15
1 1 3 15
1 1 15 15
0 2 3 15
1 3 3 15
1 3 14 15
0 4 8 15
0 4 9 15
1 5 3 15
0 5 13 15
1 5 17 15
0 7 9 15
0 9 18 15
0 10 9 15
0 10 11 1
0 10 19 15
0 11 4 15
0 12 5 15
1 12 5 15
0 12 11 1
0 13 9 0
0 13 10 0
0 13 11 0
0 14 7 3
0 14 11 1
0 14 14 15
0 14 15 15
0 14 16 15
1 15 6 2
0 15 9 1
0 16 9 9
0 16 11 13
1 17 5 5
1 17 6 4
0 17 7 7
1 17 7 6
0 17 9 7
1 17 9 8
0 17 10 11
1 17 10 10
1 17 11 12
0 18 17 17
1 19 12 15
1 19 13 14
1 19 17 16
1 19 18 19
10
12 12 1
14 7 2
14 16 9
15 11 7
16 9 5
17 5 3
18 4 0
18 9 6
19 5 4
19 11 8
