50
0 9 13 5
0 8 17 2
1 6 8 3
1 15 16 17
0 13 0 18
0 16 6 3
1 19 16 6
0 2 4 11
1 7 16 15
0 10 18 11
0 9 7 18
1 18 6 1
1 2 3 7
1 16 0 10
1 15 6 10
0 16 3 11
0 9 4 9
0 3 2 6
1 5 10 16
0 9 9 2
0 7 13 6
0 4 11 10
0 4 0 3
1 10 0 8
0 12 2 2
1 9 6 0
0 4 9 5
1 9 2 16
1 3 2 1
0 1 15 5
1 8 16 17
0 3 9 19
0 3 16 4
0 9 18 8
1 15 4 19
1 8 15 7
1 7 18 4
1 14 8 11
1 17 2 19
1 5 9 17
0 13 13 13
0 10 13 3
0 9 1 10
1 16 3 2
0 12 7 13
1 5 15 12
0 2 9 13
1 4 10 12
0 0 18 13
1 8 14 7
46
17 18 4
3 12 2
19 11 0
12 2 2
11 5 1
3 3 3
13 15 4
7 12 4
19 3 1
16 11 6
3 13 1
5 15 0
17 19 3
11 13 9
19 1 5
9 2 9
18 7 9
9 19 9
10 13 5
2 11 8
10 9 6
18 11 6
1 0 1
12 18 6
14 12 6
15 15 1
11 0 1
18 4 5
17 17 6
15 19 0
17 11 9
1 15 8
10 0 7
12 5 5
16 3 0
19 8 6
7 0 1
18 19 5
19 14 7
17 3 6
11 19 3
15 17 2
0 12 1
16 5 6
13 18 4
16 10 0
