48
0 0 0 17
0 1 11 17
0 3 1 17
0 3 4 17
1 3 6 17
0 6 13 17
0 7 12 6
1 7 13 17
0 7 14 17
1 8 12 6
0 8 15 6
0 9 4 17
0 10 4 17
0 11 3 17
1 11 3 17
1 11 17 17
0 12 10 3
0 12 12 5
1 12 17 17
1 13 5 17
1 13 8 0
0 13 9 0
1 13 10 2
1 13 12 4
1 14 5 17
1 14 7 17
0 14 8 1
0 14 9 1
0 15 5 17
1 15 7 1
0 15 9 17
1 15 12 7
0 15 13 6
0 15 18 13
1 16 7 1
0 16 13 9
1 16 13 8
0 16 15 11
1 16 15 10
0 16 17 11
0 16 18 12
1 16 18 11
0 16 19 17
1 17 17 15
1 17 18 14
0 17 19 16
0 18 17 17
0 18 19 19
10
7 0 0
12 10 2
14 19 3
15 11 4
15 18 7
16 19 9
17 9 1
17 15 6
18 14 5
19 17 8
