50
1 19 6 15
0 8 6 14
0 2 14 19
1 8 6 15
0 18 2 0
1 14 2 19
1 12 4 1
1 9 0 17
1 9 1 14
0 15 1 19
1 16 7 10
0 8 17 10
0 11 12 19
0 10 17 11
1 8 9 14
1 5 12 19
1 19 10 16
0 8 2 3
0 6 15 2
0 7 15 10
0 13 15 14
1 18 5 5
0 8 7 4
0 15 9 2
0 14 3 2
1 14 7 10
1 15 6 9
0 13 17 19
0 1 14 2
0 6 12 15
0 16 2 7
1 15 5 8
1 3 17 17
1 19 7 11
0 4 0 9
1 2 12 19
1 12 5 4
0 2 4 9
0 15 7 0
0 0 10 15
1 16 8 6
0 2 19 3
0 5 0 3
0 15 3 3
0 9 6 2
1 3 18 12
0 18 7 12
1 1 0 12
0 16 1 12
0 18 0 13
17
19 2 5
11 19 1
5 7 6
19 12 3
6 0 0
6 8 2
0 19 7
19 0 8
0 10 4
8 2 9
3 1 5
9 0 2
9 13 7
15 19 0
16 17 6
16 18 0
4 19 6
