50
0 5 6 11
1 14 8 11
1 10 13 9
1 10 10 12
0 8 11 15
0 4 19 17
0 0 18 19
0 5 10 8
0 14 17 4
1 14 12 11
1 1 6 12
0 6 8 13
0 9 5 12
1 18 14 12
0 1 5 10
1 2 2 11
1 18 15 15
1 3 14 7
1 18 4 11
1 10 14 14
0 15 6 11
0 11 3 17
1 6 14 7
1 19 7 8
0 4 17 0
0 14 15 11
0 1 3 1
0 10 14 7
0 18 7 13
1 0 2 17
0 3 17 5
0 16 12 17
1 16 17 11
0 14 2 9
1 2 10 9
1 17 5 7
1 6 1 8
0 4 6 16
1 12 1 16
1 19 10 15
1 2 14 11
1 3 8 13
1 19 9 9
1 2 3 9
0 16 6 3
0 2 19 3
0 0 10 3
1 19 2 2
0 3 3 2
1 6 12 13
17
10 10 9
11 19 4
7 8 5
2 11 7
19 11 2
4 7 4
16 6 6
19 0 4
9 2 1
1 6 6
0 18 0
15 7 4
6 1 8
10 11 1
3 3 8
10 19 6
0 16 1
