50
0 0 0 19
0 0 3 19
1 0 5 19
0 0 18 17
1 1 18 16
1 2 6 19
1 3 6 19
1 3 7 19
0 3 18 14
1 4 17 15
0 5 4 19
0 6 15 11
1 7 15 10
0 7 17 13
1 7 17 12
1 8 4 19
0 8 8 19
0 8 12 19
1 10 12 9
1 10 13 8
1 11 6 19
1 11 7 19
0 11 17 19
0 12 2 19
0 12 5 19
1 12 5 19
0 12 7 19
1 12 7 19
1 12 13 6
1 12 14 7
1 12 16 19
1 13 8 19
0 13 14 4
0 14 11 2
1 14 11 19
0 14 14 5
0 15 1 19
1 15 10 3
0 16 4 19
1 16 13 19
0 17 13 0
1 17 18 19
1 18 11 19
1 18 13 1
0 18 17 19
1 18 17 19
0 18 19 19
1 19 10 19
1 19 16 19
1 19 18 19
10
0 18 9
2 0 0
2 16 6
4 17 8
8 13 5
9 17 7
13 19 4
15 19 3
17 9 2
19 17 1
