48
0 0 13 17
0 1 13 17
1 2 1 17
1 2 13 17
0 3 5 17
0 3 17 17
0 4 16 17
0 4 17 17
1 4 17 17
1 5 0 17
0 5 1 17
0 5 7 17
0 5 17 17
1 6 17 17
0 7 13 17
0 8 11 0
1 8 11 1
1 11 8 0
1 12 9 17
1 14 2 17
1 14 5 17
1 15 5 17
1 16 0 3
1 16 1 2
0 16 3 4
1 16 3 5
1 16 4 1
0 16 5 1
0 16 6 1
1 16 6 1
0 16 7 11
0 16 16 15
0 16 19 17
0 17 6 9
1 17 6 8
1 17 7 10
0 17 11 13
1 17 16 14
0 17 18 16
0 17 19 16
0 18 4 7
1 18 4 6
1 18 5 9
1 18 11 12
1 18 12 17
0 18 19 19
1 19 11 12
1 19 18 19
10
0 19 1
2 13 0
11 18 8
13 15 7
16 4 3
16 7 6
16 19 9
19 2 2
19 4 4
19 7 5
