44
0 2 13 17
0 3 0 17
0 3 12 17
0 3 13 17
1 3 14 17
1 4 1 17
0 6 4 17
1 6 10 17
0 7 6 17
1 7 7 17
1 8 12 17
0 8 17 1
1 9 5 17
0 9 12 17
0 9 17 0
0 10 2 17
0 10 17 2
1 10 17 3
1 11 6 17
1 11 16 5
0 11 17 4
0 12 17 6
1 12 17 7
0 13 8 17
1 13 14 10
1 13 16 9
0 13 17 8
1 14 1 17
1 14 2 17
0 14 13 17
1 14 13 17
1 14 17 9
0 14 18 13
1 15 1 17
1 15 16 11
1 15 17 10
0 15 18 12
1 16 1 17
1 16 18 15
1 17 17 14
1 17 18 15
1 18 16 17
0 18 17 16
1 19 18 19
10
0 4 0
0 19 2
8 17 1
11 16 3
12 15 5
12 18 4
13 19 7
15 16 6
17 19 8
19 13 9
