50
1 4 11 9
0 17 0 1
0 6 10 14
1 18 0 15
0 16 3 14
1 2 4 9
1 12 13 19
0 11 18 9
0 14 8 18
0 11 7 15
1 19 15 11
0 1 13 3
1 11 7 8
0 6 12 2
1 14 1 9
0 1 2 8
1 9 16 9
0 11 12 15
0 1 6 1
0 3 19 0
1 19 16 2
0 17 13 12
0 13 7 3
1 5 15 2
0 10 14 13
1 19 11 9
1 2 7 2
1 17 12 7
1 2 16 0
1 4 3 12
1 18 1 18
1 14 13 19
0 5 0 2
0 3 4 7
0 12 2 17
0 9 11 13
1 10 6 9
0 15 3 16
1 11 9 6
0 3 8 4
0 5 12 19
1 8 11 19
1 18 2 13
0 4 13 18
1 14 3 14
1 19 5 5
1 1 15 5
0 4 19 5
1 9 6 5
1 19 12 16
18
12 13 0
19 8 8
2 17 9
19 6 3
0 7 4
14 0 5
15 8 6
0 19 0
3 19 8
12 2 9
14 2 7
1 14 3
2 16 3
10 6 7
17 0 1
1 3 1
18 13 2
11 18 2
