50
1 17 13 10
0 7 6 9
0 10 19 17
1 6 8 13
0 10 12 3
0 12 12 4
1 1 15 1
1 1 8 16
0 18 19 5
1 16 1 13
0 2 2 3
1 2 3 7
0 9 5 16
0 10 15 8
0 12 14 16
0 7 14 6
1 10 1 12
0 8 4 3
0 6 4 19
1 14 9 13
1 17 12 13
0 0 17 13
1 16 15 17
0 8 9 7
1 1 16 8
0 16 16 6
1 18 3 0
0 2 14 10
0 1 10 0
1 10 4 3
1 2 9 6
0 14 12 11
0 14 14 4
1 10 15 5
1 19 5 19
0 11 14 7
0 14 3 8
0 0 10 2
0 8 11 1
0 10 16 0
0 15 3 0
0 14 9 14
1 14 0 14
1 16 2 14
1 10 14 15
0 3 3 15
1 4 4 14
1 18 4 15
1 3 2 15
0 14 1 17
14
19 0 0
17 7 5
14 4 8
0 19 2
8 14 6
13 0 3
19 16 9
7 11 4
13 4 6
14 9 7
1 1 8
2 18 6
1 17 4
17 4 6
