49
0 6 15 7
0 15 15 14
0 13 13 18
1 15 4 6
0 16 2 7
0 2 9 15
1 19 11 15
0 15 11 12
1 12 15 11
0 16 13 18
1 7 4 19
1 5 2 12
1 13 14 6
1 18 6 13
1 3 11 12
0 17 5 0
1 5 5 6
0 17 8 19
1 18 18 19
1 0 11 5
0 10 7 15
0 12 13 11
1 15 8 7
1 6 11 11
0 15 13 8
0 11 6 13
0 2 16 12
1 10 14 15
0 9 8 9
1 16 13 17
1 15 5 18
0 5 15 12
0 9 5 10
0 0 15 10
1 11 11 2
1 15 0 3
0 0 17 16
0 2 0 4
0 4 6 19
1 11 9 7
0 4 4 9
0 12 6 8
1 19 9 14
1 15 15 15
1 15 6 14
1 6 14 0
1 0 5 1
0 4 0 0
1 3 0 1
12
13 12 3
0 5 1
17 5 7
3 16 0
19 1 4
4 4 5
16 0 6
8 13 2
3 9 8
3 2 9
0 10 4
18 19 7
