50
0 4 4 11
1 5 18 18
1 6 12 2
1 2 7 11
1 5 6 2
1 18 15 19
0 8 14 2
1 16 4 8
0 3 9 1
1 5 12 11
0 13 17 0
1 12 3 11
0 2 3 0
1 9 1 9
1 1 5 19
1 17 7 0
1 18 11 6
0 4 19 10
0 9 2 2
0 13 10 6
0 14 17 7
0 11 6 19
1 13 8 7
0 4 3 11
0 10 15 8
0 11 4 17
0 0 6 3
1 2 12 15
1 0 13 13
0 4 11 13
0 1 11 7
0 16 15 3
0 8 5 12
0 17 1 9
0 15 5 12
1 8 0 6
0 5 6 10
0 18 3 15
1 9 14 14
1 0 5 19
0 12 4 18
0 12 6 12
0 13 15 11
1 18 14 11
0 11 15 7
0 0 13 4
1 14 16 4
0 1 3 4
1 9 13 5
0 16 7 4
24
3 17 5
10 8 1
18 1 2
5 7 3
15 17 4
8 0 6
9 5 6
4 11 7
19 2 8
13 8 9
10 11 1
0 15 0
16 5 3
8 19 5
6 13 1
19 14 0
14 8 0
19 18 2
19 17 5
18 18 7
17 0 0
15 3 5
16 1 1
11 3 0
